0 0.429825 0.163402 0.415205 0.0319588
0 0.432749 0.306701 0.51462 0.0154639
0 0.444444 0.293299 0.51462 0.0175258
0 0.383041 0.63299 0.48538 0.0226804
0 0.327485 0.964948 0.526316 0.0185567
0 0.423977 0.37268 0.450292 0.0134021
0 0.318713 0.921649 0.555556 0.014433
0 0.426901 0.282474 0.502924 0.014433
0 0.432749 0.470619 0.51462 0.0216495
0 0.432749 0.300515 0.526316 0.0195876
0 0.429825 0.190206 0.473684 0.0195876
0 0.324561 0.885567 0.54386 0.0164948
0 0.403509 0.625258 0.502924 0.0154639
0 0.423977 0.339691 0.497076 0.0278351
0 0.423977 0.591237 0.497076 0.0237113
0 0.377193 0.732474 0.54386 0.0195876
0 0.429825 0.236598 0.508772 0.0195876
0 0.418129 0.1 0.461988 0.028866
0 0.412281 0.539175 0.450292 0.0164948
0 0.423977 0.0298969 0.497076 0.0247423
0 0.432749 0.260309 0.502924 0.0175258
0 0.423977 0.155155 0.520468 0.0195876
0 0.429825 0.506186 0.508772 0.0185567
0 0.421053 0.421134 0.467836 0.0257732
