0 0.97076 0.702577 0.0584795 0.0175258
0 0.979532 0.575773 0.0409357 0.0154639
0 0.576023 0.281443 0.497076 0.0164948
0 0.55848 0.264948 0.391813 0.0329897
0 0.684211 0.921649 0.51462 0.014433
0 0.55848 0.473196 0.461988 0.0226804
0 0.964912 0.73299 0.0701754 0.0206186
0 0.967836 0.632474 0.0643275 0.0195876
0 0.561404 0.369072 0.467836 0.0164948
0 0.555556 0.33866 0.491228 0.0278351
0 0.564327 0.153608 0.520468 0.0206186
0 0.599415 0.626804 0.520468 0.0164948
0 0.567251 0.188144 0.479532 0.0237113
0 0.570175 0.50567 0.520468 0.0175258
0 0.567251 0.593814 0.51462 0.0206186
0 0.564327 0.237629 0.520468 0.0216495
0 0.55848 0.294845 0.450292 0.0164948
0 0.561404 0.101031 0.467836 0.028866
0 0.669591 0.88299 0.567251 0.0175258
0 0.55848 0.259794 0.48538 0.014433
0 0.602339 0.729381 0.526316 0.0216495
0 0.573099 0.539691 0.51462 0.0216495
0 0.567251 0.0304124 0.491228 0.0257732
0 0.555556 0.42268 0.479532 0.0247423
