0 0.262264 0.167526 0.366038 0.0237113
0 0.983019 0.355155 0.0339623 0.0134021
0 0.266038 0.18299 0.350943 0.0237113
0 0.301887 0.493299 0.301887 0.0134021
0 0.269811 0.101031 0.298113 0.028866
0 0.290566 0.431959 0.286792 0.0164948
0 0.286792 0.36134 0.29434 0.0154639
0 0.275472 0.0917526 0.309434 0.0206186
0 0.271698 0.192268 0.339623 0.0216495
0 0.256604 0.0309278 0.309434 0.0247423
0 0.313208 0.653093 0.332075 0.0175258
0 0.271698 0.157216 0.354717 0.0216495
0 0.275472 0.114948 0.316981 0.0195876
0 0.301887 0.413402 0.301887 0.0164948
0 0.303774 0.456186 0.313208 0.0216495
0 0.326415 0.580928 0.343396 0.0175258
0 0.311321 0.52268 0.343396 0.0185567
0 0.273585 0.284536 0.30566 0.014433
0 0.318868 0.743814 0.343396 0.0195876
0 0.286792 0.33866 0.324528 0.0216495
0 0.311321 0.710825 0.335849 0.0154639
0 0.269811 0.20567 0.335849 0.0175258
0 0.275472 0.234536 0.332075 0.0175258
0 0.273585 0.259794 0.320755 0.0185567
