0 0.979245 0.0386598 0.0415094 0.0257732
0 0.698113 0.465464 0.324528 0.0175258
0 0.718868 0.358763 0.267925 0.014433
0 0.979245 0.353093 0.0415094 0.0154639
0 0.735849 0.151546 0.354717 0.0185567
0 0.724528 0.0927835 0.309434 0.0206186
0 0.730189 0.207732 0.343396 0.0134021
0 0.703774 0.427835 0.313208 0.0185567
0 0.745283 0.0381443 0.350943 0.0268041
0 0.715094 0.297938 0.298113 0.0123711
0 0.703774 0.492784 0.275472 0.014433
0 0.733962 0.18866 0.358491 0.0226804
0 0.684906 0.521649 0.335849 0.0164948
0 0.716981 0.33866 0.332075 0.0195876
0 0.684906 0.653608 0.335849 0.0164948
0 0.70566 0.418041 0.279245 0.0216495
0 0.675472 0.581959 0.324528 0.0175258
0 0.730189 0.113402 0.320755 0.0206186
0 0.692453 0.453093 0.30566 0.0216495
0 0.722642 0.281959 0.328302 0.0134021
0 0.688679 0.710825 0.313208 0.0195876
0 0.688679 0.743299 0.30566 0.0185567
0 0.730189 0.258763 0.335849 0.0185567
0 0.728302 0.234536 0.332075 0.0175258
