0 0.517456 0.502062 0.201995 0.0123711
0 0.513716 0.462371 0.204489 0.0154639
0 0.518703 0.156186 0.169576 0.0154639
0 0.922693 0.725773 0.154613 0.0226804
0 0.521197 0.00876289 0.209476 0.0154639
0 0.504988 0.442268 0.206983 0.028866
0 0.507481 0.928866 0.216958 0.0123711
0 0.513716 0.374742 0.204489 0.0154639
0 0.517456 0.88866 0.216958 0.0268041
0 0.511222 0.985052 0.219451 0.0257732
0 0.507481 0.0407217 0.19202 0.0134021
0 0.507481 0.356186 0.21197 0.0154639
0 0.521197 0.0835052 0.199501 0.014433
0 0.514963 0.219588 0.21197 0.0268041
0 0.504988 0.303093 0.206983 0.0247423
0 0.511222 0.745361 0.209476 0.0247423
0 0.512469 0.117526 0.197007 0.0226804
0 0.513716 0.700515 0.214464 0.0195876
0 0.513716 0.651546 0.214464 0.0309278
0 0.511222 0.846907 0.214464 0.0195876
0 0.509975 0.606186 0.206983 0.0164948
0 0.504988 0.543299 0.206983 0.0268041
0 0.512469 0.795876 0.23192 0.0247423
