0 0.491272 0.270619 0.184539 0.0175258
0 0.485037 0.456701 0.197007 0.0226804
0 0.481297 0.374742 0.189526 0.0134021
0 0.48005 0.154124 0.182045 0.0195876
0 0.0361596 0.781959 0.0723192 0.0175258
0 0.477556 0.00876289 0.19202 0.0154639
0 0.486284 0.442784 0.199501 0.0237113
0 0.497506 0.486082 0.197007 0.0134021
0 0.485037 0.414948 0.19202 0.0237113
0 0.485037 0.652577 0.201995 0.0309278
0 0.491272 0.356186 0.204489 0.0154639
0 0.490025 0.985567 0.216958 0.0226804
0 0.485037 0.88866 0.221945 0.028866
0 0.486284 0.0407217 0.189526 0.0154639
0 0.488778 0.952577 0.214464 0.0164948
0 0.492519 0.927835 0.221945 0.0123711
0 0.48005 0.220103 0.206983 0.0257732
0 0.488778 0.304124 0.209476 0.0268041
0 0.486284 0.744845 0.209476 0.0257732
0 0.478803 0.118041 0.204489 0.0216495
0 0.485037 0.701031 0.21197 0.0185567
0 0.472569 0.0835052 0.201995 0.014433
0 0.481297 0.543814 0.209476 0.0278351
0 0.483791 0.60567 0.209476 0.0175258
0 0.491272 0.847423 0.209476 0.0164948
0 0.485037 0.795361 0.221945 0.0237113
