0 0.455112 0.279897 0.206983 0.0237113
0 0.472569 0.734021 0.216958 0.0247423
0 0.447631 0.164948 0.197007 0.0226804
0 0.466334 0.80567 0.214464 0.0237113
0 0.0673317 0.174742 0.134663 0.0154639
0 0.468828 0.554639 0.209476 0.0185567
0 0.450125 0.0489691 0.19202 0.0154639
0 0.0897756 0.293299 0.179551 0.0216495
0 0.458853 0.44433 0.204489 0.0226804
0 0.0586035 0.137113 0.117207 0.0185567
0 0.46384 0.542783 0.209476 0.0257732
0 0.450125 0.15567 0.197007 0.0226804
0 0.467581 0.430412 0.19202 0.0237113
0 0.466334 0.718041 0.209476 0.0216495
0 0.4601 0.375773 0.187032 0.0113402
0 0.465087 0.796392 0.226933 0.0216495
0 0.450125 0.308763 0.197007 0.0278351
0 0.451372 0.271649 0.209476 0.0134021
0 0.48005 0.983505 0.216958 0.0268041
0 0.442643 0.221649 0.197007 0.0185567
0 0.462594 0.603608 0.226933 0.0175258
0 0.446384 0.0113402 0.204489 0.0164948
0 0.455112 0.35 0.201995 0.0154639
0 0.44015 0.118041 0.216958 0.0237113
0 0.485037 0.92268 0.23192 0.014433
0 0.473815 0.845361 0.219451 0.014433
0 0.468828 0.742783 0.229426 0.0175258
0 0.467581 0.652577 0.21197 0.0268041
0 0.471322 0.888144 0.229426 0.0237113
