0 0.532419 0.555155 0.201995 0.0195876
0 0.921446 0.174742 0.157107 0.0175258
0 0.988778 0.990722 0.0224439 0.014433
0 0.0112219 0.75567 0.0224439 0.0164948
0 0.9202 0.241237 0.159601 0.0123711
0 0.529925 0.816495 0.221945 0.014433
0 0.521197 0.985567 0.209476 0.0247423
0 0.0112219 0.597423 0.0224439 0.0175258
0 0.932668 0.138144 0.134663 0.0185567
0 0.0137157 0.640722 0.0274314 0.0154639
0 0.553616 0.158763 0.199501 0.0206186
0 0.53616 0.603608 0.194514 0.0134021
0 0.542394 0.441753 0.206983 0.0298969
0 0.544888 0.272165 0.197007 0.014433
0 0.538653 0.71134 0.214464 0.0164948
0 0.534913 0.541237 0.206983 0.0268041
0 0.537407 0.376804 0.197007 0.0154639
0 0.526185 0.742268 0.234414 0.0185567
0 0.548628 0.308247 0.204489 0.0247423
0 0.543641 0.35 0.199501 0.0154639
0 0.561097 0.120103 0.209476 0.0216495
0 0.561097 0.220103 0.199501 0.0195876
0 0.558603 0.0103093 0.189526 0.0164948
0 0.511222 0.923196 0.214464 0.0154639
0 0.522444 0.844845 0.216958 0.0134021
0 0.533666 0.795876 0.234414 0.0206186
0 0.526185 0.651546 0.219451 0.0329897
0 0.51995 0.889691 0.226933 0.0226804
